168.10700000001816 70.16699999989942 0.4
168.1919188563569 70.65972917575425 0.4
168.27683771269562 71.15245835160908 0.4
168.36175656903436 71.64518752746392 0.4
168.4466754253731 72.13791670331875 0.4
168.53598255656007 72.62987444609446 0.4
168.62653703408694 73.1216049648769 0.4
168.71802659364212 73.61316283024169 0.4
168.81006020048125 74.10461932957682 0.4
168.90237863049788 74.59602246617271 0.4
168.99483555208383 75.08739954124465 0.4
169.08736005571214 75.57876386545885 0.4
169.1799179038704 76.07012188960556 0.4
169.27249232132885 76.56147678097939 0.4
169.36507500465893 77.0528301417974 0.4
169.45766182138235 77.54418279163802 0.4
169.55025070454934 78.03553509839476 0.4
169.64284062067148 78.52688723544739 0.4
169.73543105316224 79.01823928782707 0.4
169.8280217438029 79.50959129788004 0.4
169.9206125635107 80.00094328678894 0.4
170.013203447749 80.49229526513079 0.4
170.10579436425093 80.98364723819006 0.4
170.1983852968839 81.47499920860817 0.4
170.29097623758048 81.96635117770604 0.4
170.38356718230582 82.45770314614438 0.4
170.4761581290446 82.94905511425313 0.4
170.5687490767898 83.44040708219713 0.4
170.6613400250382 83.93175905005876 0.4
170.75395776715263 84.42310596810555 0.4
170.84663802605175 84.91444109777731 0.4
170.9393651700945 85.40576738122259 0.4
171.03211960041594 85.89708851419606 0.4
171.1248885207184 86.38840691144846 0.4
171.2176381021213 86.87972895980387 0.4
171.3103289900676 87.37106208440996 0.4
171.40297492888945 87.86240368661538 0.4
171.49559455458962 88.35375024961337 0.4
171.58820017788395 88.84509945187926 0.4
171.68079858784873 89.33644999023768 0.4
171.77339328748005 89.82780116721538 0.4
171.86598610239233 90.31915264831619 0.4
171.9585779678403 90.8105042764216 0.4
172.05116935700056 91.30185597667072 0.4
172.14376556312453 91.79320679254451 0.4
172.23637344481054 92.28455547394685 0.4
172.32899011173367 92.77590254489587 0.4
172.42161189607282 93.26724867576839 0.4
172.51423639877146 93.75859430666075 0.4
172.60685724989412 94.24994063217328 0.4
172.69946703491388 94.741289046777 0.4
172.79206834618674 95.23263906007428 0.4
172.8846646971386 95.72399000900288 0.4
172.97725840852112 96.21534145576884 0.4
173.0698507614436 96.70669315873633 0.4
173.16244241819317 97.19804499299602 0.4
173.2550337222899 97.68939689376194 0.4
173.34762484901228 98.18074882797838 0.4
173.44021588682673 98.67210077896164 0.4
173.53248898236762 99.16351256265845 0.4
173.62402015008539 99.6550631309741 0.4
173.7149947556553 100.14671704091766 0.4
173.80564539499164 100.63843080123736 0.4
173.8961239799072 101.13017625667436 0.4
173.9865144510244 101.62193791970212 0.4
174.07686045031213 102.11370775658494 0.4
174.1671841337817 102.6054816934986 0.4
174.25749664446352 103.09725768276394 0.4
174.34780356612836 103.58903469858748 0.4
174.43810769288248 104.08081222773912 0.4
174.52841042214962 104.57259001355439 0.4
174.6187078702148 105.06436876850866 0.4
174.7089942765887 105.55614954928978 0.4
174.79927248928016 106.04793183316673 0.4
174.88954594766207 106.5397149891244 0.4
174.979816884035 107.0314986076703 0.4
175.0700801933763 107.52328361814031 0.4
175.16032806669386 108.01507143970248 0.4
175.25056452447566 108.50686133650161 0.4
175.34079436490256 108.9986524348668 0.4
175.431020696234 109.49044416998962 0.4
175.521245231515 109.98223623091087 0.4
175.61146519645678 110.47402914575696 0.4
175.70167615624777 110.96582374629976 0.4
175.79188047479985 111.45761958516238 0.4
175.882080946458 111.94941613921438 0.4
175.97227937868055 112.44121307178393 0.4
176.0624767671607 112.93301019789767 0.4
176.15267362899377 113.4248074216243 0.4
176.2428702265842 113.91660469431636 0.4
176.3330666918823 114.40840199151998 0.4
176.42263528867042 114.90031336883192 0.4
176.5107371805793 115.39248101891557 0.4
176.59773744869554 115.88483177626826 0.4
176.68409596541574 116.37728550890995 0.4
176.77011351208336 116.86979284983197 0.4
176.8559007928167 117.36233531930895 0.4
176.9414701081067 117.8549097044728 0.4
177.02689779811223 118.34750439866555 0.4
177.11224665018835 118.84011027089593 0.4
177.19755431615664 119.33272194866188 0.4
177.28284102371447 119.82533657208805 0.4
177.36811717977886 120.31795267637813 0.4
177.45338804636137 120.81056952250663 0.4
177.5414318216496 121.3025718650046 0.4
177.63589409745597 121.79281054256398 0.4
177.73511417557307 122.28142499859277 0.4
177.83707733081104 122.76897656738964 0.4
177.94048801727268 123.25592917511835 0.4
178.04463693400615 123.74256606758232 0.4
178.1491573610835 124.22904144256852 0.4
178.2540939672924 124.71533298275922 0.4
178.35965955926207 125.20134172408828 0.4
178.46567238682107 125.68714613139007 0.4
178.57196585682732 126.172692593187 0.4
178.67844898708987 126.65783656781664 0.4
178.78503937646732 127.14268227576697 0.4
178.891685760228 127.62735263754325 0.4
178.99836052043028 128.11192916966172 0.4
179.10504951104804 128.59645746350785 0.4
179.21060715949415 129.0813106539702 0.4
179.3135103464312 129.56695128953285 0.4
179.41442204240954 130.05317082513372 0.4
179.5141753584955 130.53972176162708 0.4
179.6141429185187 131.02656486646302 0.4
179.7157175904427 131.5137173288983 0.4
179.81856233150071 132.0010303465722 0.4
179.92215349878822 132.48841374123603 0.4
180.02614147856303 132.9758280087333 0.4
180.12976070120223 133.46369984639043 0.4
180.23211773555298 133.95246568413967 0.4
180.33347693675535 134.4417678112124 0.4
180.43424194250744 134.93132983880227 0.4
180.53468826435767 135.421014260877 0.4
180.6343224779818 135.91094993868487 0.4
180.73233686620574 136.4012375348761 0.4
180.8291377964893 136.8916713709783 0.4
180.92522949650356 137.38214645298396 0.4
181.020943880922 137.87263057549646 0.4
181.1157926750359 138.3631876203551 0.4
181.2089713927287 138.85388274939598 0.4
181.30092086629514 139.34465690662017 0.4
181.39215945291986 139.83546771455323 0.4
181.4830219967277 140.32629520968985 0.4
181.57236928048556 140.8173202305584 0.4
181.65853207140248 141.3087695465815 0.4
181.74233466562336 141.80051614968818 0.4
181.82477087430755 142.2924277006156 0.4
181.90648427995578 142.78442434830492 0.4
181.98657830056126 143.27659307522964 0.4
182.06356888046957 143.7690618127246 0.4
182.13828232529633 144.2617297582186 0.4
182.21168139119274 144.75450474115985 0.4
182.2843859557836 145.24733394478997 0.4
182.35673627162728 145.74019018462945 0.4
182.43130921901135 146.23274684595725 0.4
182.51138099566285 146.72453559133874 0.4
182.59557845221318 147.21570682593986 0.4
182.6821692586202 147.7065032365941 0.4
182.77002624101644 148.19709638545683 0.4
182.8585291825605 148.68758450888777 0.4
182.94735692286469 149.17801948404045 0.4
183.03637473985023 149.66842221116764 0.4
183.12553808691158 150.1587985703907 0.4
183.2147900263056 150.6491585207531 0.4
183.3040900410658 151.13950949250645 0.4
183.39476576334064 151.6297134482401 0.4
183.48928722701953 152.11947251583507 0.4
183.58776226767807 152.60871427471764 0.4
183.6887915252977 153.0975885117196 0.4
183.79123036253432 153.58624860905385 0.4
183.89440066836596 154.07479439398017 0.4
183.9981025234176 154.56325257677935 0.4
184.1023655817461 155.05161318421335 0.4
184.20696055864462 155.53991674407047 0.4
184.3116681568242 156.0282040499413 0.4
184.41641292188984 156.5164875367401 0.4
184.519559316494 157.005236188286 0.4
184.61894005196586 157.49499849715193 0.4
184.71549260916967 157.98545388012877 0.4
184.81040122032167 158.47628649893596 0.4
184.9044390257085 158.96731077608064 0.4
184.99803482451267 159.45842997921093 0.4
185.0914128905047 159.94959520015098 0.4
185.1846835561917 160.44078293342955 0.4
185.27796068366445 160.93197829881035 0.4
185.3713496299438 161.42316711764943 0.4
185.46482801294894 161.91434612702642 0.4
185.5584097243464 162.40550863076422 0.4
185.6521373641528 162.89664478742762 0.4
185.74596634581872 163.38776197008255 0.4
185.83985123933917 163.8788685003786 0.4
185.93376499050473 164.36996948519328 0.4
186.027693297583 164.86106766088787 0.4
186.1215956345373 165.3521707811644 0.4
186.21542413913826 165.84328798763556 0.4
186.30948484755777 166.33436053391608 0.4
186.40418423338252 166.82530932665887 0.4
186.49936753549514 167.31616337900493 0.4
186.59229223011897 167.80744902751047 0.4
186.6794390300583 168.2997915048044 0.4
186.7594617795266 168.79334096251603 0.4
186.83049042079224 169.28826354508357 0.4
186.89457103309732 169.78413311013526 0.4
186.9533648220074 170.28065779443278 0.4
187.0017617260201 170.77830637905106 0.4
187.03156467809984 171.2774170676066 0.4
187.04785505338285 171.77715142184343 0.4
187.0517220560337 172.2771356829938 0.4
187.03690417246455 172.7769153124841 0.4
187.00323013511309 173.27577948831373 0.4
186.94743274641795 173.77265612871975 0.4
186.8618811569052 174.2652826864245 0.4
186.7538570956598 174.753474017969 0.4
186.6260081231677 175.23685237926256 0.4
186.48025273758276 175.7151361425745 0.4
186.31675052390085 176.18764745587822 0.4
186.13119757830972 176.65194212508752 0.4
185.9294058731611 177.10941194818844 0.4
185.7090204638387 177.5582197361492 0.4
185.45830912279965 177.99081978317795 0.4
185.17765008493495 178.40461978488827 0.4
184.87481478750922 178.80247703587355 0.4
184.55454588140233 179.18643927474037 0.4
184.21255860706498 179.55119200356174 0.4
183.84999809057354 179.8955025735054 0.4
183.47266367062318 180.2235552588601 0.4
183.07951815341755 180.532483395615 0.4
182.6706179370976 180.8202342187834 0.4
182.2490205741387 181.089037650851 0.4
181.8157230311281 181.33854145349176 0.4
181.372973070583 181.5708537530763 0.4
180.91973352640437 181.78196137536332 0.4
180.45790804280597 181.97356199612162 0.4
179.99075121668503 182.15177708792405 0.4
179.5201048544995 182.32056870138675 0.4
179.04568640780064 182.47845096024972 0.4
178.56636167209862 182.62074567277296 0.4
178.08297070401355 182.74854651237783 0.4
177.59592420542918 182.86161234203948 0.4
177.10692493456497 182.96589797853196 0.4
176.61723664728308 183.0668928508828 0.4
176.50500000000466 183.089999999851 0.4
176.50599999999395 183.089999999851 0.4
176.01608791949627 183.18987579603424 0.4
175.5249823150991 183.2837599265622 0.4
175.0332419241735 183.37426255530954 0.4
174.54057515250148 183.45957165228253 0.4
174.04714294733955 183.54033350484727 0.4
173.55282776143844 183.6155104160689 0.4
173.05763056141652 183.684644016908 0.4
172.5613839574076 183.74579353032902 0.4
172.0638520960601 183.79541251972367 0.4
171.56542796577375 183.83507808557331 0.4
171.0663772410473 183.86587340610396 0.4
170.56701171693155 183.8910539668012 0.4
170.06740719154638 183.91093632511988 0.4
169.5675797845212 183.9240610426253 0.4
169.06765198267829 183.93251119934487 0.4
168.56768676663583 183.9383088109166 0.4
168.06769135132637 183.9399958600774 0.4
167.56772289487404 183.93463764433207 0.4
167.06783606492783 183.92417898789319 0.4
166.5681192048392 183.90746510363786 0.4
166.0687985074967 183.8814606421738 0.4
165.57005109707998 183.84611707570917 0.4
165.0721292627675 183.80059349946555 0.4


164.57592807756518 183.73908491245749 0.4
164.08349879672443 183.65240874125803 0.4

163.60027189478552 183.5239890777348 0.4
163.3130190195806 183.33170288953068 0.4



162.639 182.298


157.83 164.08

157.664 162.85
158.228836 161.932783 0.000000
158.607544 160.992155 0.000000
159.634934 160.052031 0.000000
160.706650 159.610853 0.000000
162.101624 159.309675 0.000000
163.106537 159.347456 0.000000
164.381393 159.335264 0.000000
165.670578 159.027235 0.000000
167.040619 158.591230 0.000000
168.291519 158.197554 0.000000
169.309143 157.785261 0.000000
170.526810 156.755537 0.000000
171.056717 155.578657 0.000000


171.23854380880192 155.1019775160472 0.4
171.1503053122643 154.60982513517365 0.4
171.06119342609918 154.1178301465724 0.4
170.9718682547515 153.6258738399148 0.4
170.8817186312078 153.1340680035136 0.4
170.7907082782999 152.64242085380178 0.4
170.69937471521126 152.1508337133717 0.4
170.60794955999623 151.6592636203811 0.4
170.51650152815972 151.16769778815197 0.4
170.42495273944368 150.67615073562857 0.4
170.33329813678668 150.1846234294663 0.4
170.24160376745343 149.693103550702 0.4
170.14989812582965 149.20158577794732 0.4
170.05818966845138 148.71006853130567 0.4
169.9664571724212 148.21855577375885 0.4
169.8746988924588 147.72704783252283 0.4
169.78293089935053 147.23554170601847 0.4
169.69116015076668 146.7440360943629 0.4
169.59938871363207 146.2525306113626 0.4
169.50762659396582 145.76102338902558 0.4
169.41587483086732 145.26951423356957 0.4
169.32412698436514 144.77800434711395 0.4
169.2323802503683 144.28649425302444 0.4
169.14063379453205 143.79498410702047 0.4
169.04888843494336 143.3034737564198 0.4
168.9571442206851 142.81196319206464 0.4
168.86540043661907 142.32045254742283 0.4
168.77365677447278 141.82894188002726 0.4
168.68191314277865 141.33743120694845 0.4
168.59016962545977 140.84592051252392 0.4
168.4984262273485 140.35440979585186 0.4
168.40668287399987 139.86289907082582 0.4
168.31493953333614 139.37138834343241 0.4
168.22319619584067 138.87987761544773 0.4
168.13145286972303 138.38836688533962 0.4
168.03970955543562 137.89685615302366 0.4
167.94796624558927 137.40534541987887 0.4
167.85622293700126 136.91383468649923 0.4
167.76447962872757 136.42232395306092 0.4
167.67273632153038 135.93081321942174 0.4
167.58099301544942 135.43930248557422 0.4
167.48924970978732 134.94779175164854 0.4
167.39750640424393 134.4562810177007 0.4
167.30576309873018 133.9647702837473 0.4
167.2140197788783 133.47325947244303 0.4
167.12227644531472 132.98174858712534 0.4
167.03053310712139 132.49023767679654 0.4
166.9387897676684 131.99872675966034 0.4
166.84704642790433 131.50721584084275 0.4
166.75522058972751 131.01572047239054 0.4
166.66330430668603 130.52424221792194 0.4
166.5713538728874 130.03277044328922 0.4
166.4123836505646 129.55871516439285 0.4
166.18290356689715 129.1144889283003 0.4
165.92878119362663 128.6838863885747 0.4
165.61107009180088 128.29780395920383 0.4
165.23740113026082 127.9655868339353 0.4
164.81754952016826 127.69409040179015 0.4
164.36856553135098 127.47412332388329 0.4
163.88733956109814 127.33845916476933 0.4
163.3906921440467 127.28070408467228 0.4
162.89178457888744 127.24771987945648 0.4
162.39206780966273 127.26450398141289 0.4
161.89601227483132 127.32718127842558 0.4
161.401918016952 127.40380107086979 0.4
160.9083269007771 127.4835981559273 0.4
160.4148398581491 127.56403639651045 0.4
159.92181644855128 127.6472688507551 0.4
159.42925927908254 127.73321711643167 0.4
158.93684753575562 127.81999457290817 0.4
158.4444692425564 127.90696160228087 0.4
157.95209771537225 127.99396692508837 0.4
157.45974287645635 128.08106661506565 0.4
156.96740382758804 128.16825549543134 0.4
156.47506959237307 128.25547154706902 0.4
155.98273645710776 128.3426938062834 0.4
155.4904035439639 128.42991731898698 0.4
154.99808267975348 128.51720881417333 0.4
154.5057739444585 128.60456868805116 0.4
154.0134689280734 128.69194951682098 0.4
153.52116476303507 128.77933514193413 0.4
153.0288607700531 128.86672173635046 0.4
152.5365531993226 128.95408884076616 0.4
152.04424201603769 129.0414361287942 0.4




151.55192972931792 129.12877733722226 0.4
151.05961719630855 129.21611718694228 0.4
150.98700000002282 129.22899999981746 0.4
150.98700000002282 129.22899999981746 0.4
150.4952301052698 129.31934561469203 0.4
150.00346020778858 129.40969123006784 0.4
149.51169029775377 129.50003684774993 0.4
149.01992037701254 129.59038246739894 0.4
148.52815044996527 129.6807280882065 0.4
148.03638051968485 129.77107370960803 0.4
147.54461058845598 129.86141933118387 0.4
147.05284066025516 129.95176495220377 0.4
146.56107073730448 130.0421105722596 0.4
146.06930081988338 130.13245619129987 0.4
145.5775309069904 130.22280180950852 0.4
145.08576099541605 130.31314742747497 0.4
144.5939910768728 130.4034930467215 0.4
144.10222115155995 130.4938386672114 0.4
143.61045122208574 130.58418428846556 0.4
143.11868129043503 130.67452991011936 0.4
142.62691135826455 130.76487553186854 0.4
142.1351414291379 130.85522115305838 0.4
141.6433715053996 130.9455667732582 0.4
141.15160158743984 131.03591239239637 0.4
140.65983167425298 131.12625801065764 0.4
140.16806236575556 131.2166069096806 0.4
139.67629616685443 131.30697276199388 0.4
139.18453330489504 131.39735680346308 0.4
138.6927728481171 131.48775394990977 0.4
138.20101333807682 131.57815625339236 0.4
137.9189999999944 131.62999999988824 0.4
137.9189999999944 131.62999999988824 0.4
137.426698214247 131.71738256704157 0.4
136.9343964284996 131.80476513419475 0.4
136.4420946427522 131.89214770134805 0.4
135.94979285700612 131.97953026850877 0.4
135.45749107126628 132.06691283570464 0.4
134.9651892855305 132.15429540292334 0.4
134.47288749979688 132.24167797015423 0.4
133.98058571406438 132.3290605373914 0.4
133.48828402747074 132.4164430870222 0.4
132.99598257810177 132.50382559451722 0.4
132.50368131207355 132.59120806944787 0.4
132.01138015489127 132.67859052504588 0.4
131.51907905615278 132.76597297026342 0.4
131.0267778794568 132.85335542931483 0.4
130.53447647104628 132.94073792949337 0.4
130.0421748901132 133.0281204602934 0.4
129.54987321016867 133.1155030086673 0.4
129.05757147813165 133.20288556628734 0.4
128.56526981901507 133.29026811096398 0.4
128.07296838381757 133.3776506158954 0.4
127.58066712492595 133.46503308953282 0.4
127.08836597121355 133.55241554450114 0.4
126.59606487406806 133.63979798942898 0.4
126.103763698092 133.72718044834906 0.4
125.61146229011614 133.8145629484486 0.4
125.11916070952613 133.90194547918685 0.4
124.62685902989122 133.98932802750534 0.4
124.13455729814976 134.07671058507262 0.4
123.64250278756144 134.16548207123992 0.4
123.15104165251725 134.25749147483768 0.4
122.66004066857282 134.35192653729007 0.4
122.17036200054588 134.45299470804355 0.4
121.68352435656895 134.56694996600362 0.4
121.20068845448772 134.69681240064406 0.4
120.72379768653903 134.84705860436858 0.4
120.25349051841144 135.0167971311953 0.4
119.79213899184778 135.20955098625373 0.4
119.33919208967806 135.42129952297117 0.4
118.89326865806412 135.647462663677 0.4
118.45498234220116 135.88809059132717 0.4
118.02423967427649 136.14197461211367 0.4
117.60093831063773 136.40807976221927 0.4
117.18412702495957 136.68423983050067 0.4
116.77340750452588 136.96938137758156 0.4
116.37103144584171 137.26618099940967 0.4
115.97809291919395 137.57536698853923 0.4
115.59525763409884 137.89697882717866 0.4
115.22315915093436 138.23095521351632 0.4
114.86267982661461 138.57744093262878 0.4
114.51481737132919 138.93659245461674 0.4
114.18056786443498 139.3084469195781 0.4
113.86095684372673 139.69295636435746 0.4
113.55709287525535 140.090027566598 0.4
113.27020213381148 140.49953045902157 0.4
113.00140709241829 140.9211325740188 0.4
112.75172882887584 141.35433016041148 0.4
112.52231471367806 141.79859211921854 0.4
112.31411329806326 142.25318194863473 0.4
112.1279264548518 142.71722327692783 0.4
111.9642969712168 143.18969058425617 0.4
111.82367658431028 143.66950920286138 0.4
111.70620386019728 144.15551343884795 0.4
111.6118382342533 144.64652772246308 0.4
111.53706070343064 145.14090439090134 0.4
111.47413940406484 145.6369293098207 0.4
111.41752287400915 146.133712718944 0.4
111.37062469043363 146.6315080344248 0.4
111.34042998240707 147.13059522154808 0.4
111.32806513412773 147.63044081652234 0.4
111.33620156248799 148.1303727102968 0.4
111.35784440866556 148.6299021470761 0.4
111.38687281075987 149.12905688670833 0.4
111.41966019064856 149.62797883928033 0.4
111.4608712398158 150.12627641138064 0.4
111.51809808828547 150.62299050640328 0.4
111.58671266512998 151.1182601695274 0.4
111.66169303147514 151.6126060620691 0.4
111.73993592047768 152.1064459862757 0.4
111.81979513751092 152.60002704796787 0.4
111.90044450314471 153.09347958419147 0.4
111.98147814086097 153.58686914452963 0.4
112.06438559214743 154.07994751971 0.4
112.15126658273876 154.57234121241154 0.4
112.24100518169294 155.06422154439474 0.4
112.33234759450471 155.5558060448395 0.4
112.42451343841516 156.04723650079194 0.4
112.51727799618656 156.53855409486658 0.4
112.61068080905528 157.02975061057967 0.4
112.70449883957926 157.52086790595573 0.4


113.104 158.245 0.4
113.86008347648117 158.6859164709757 0.4
114.34759111762791 158.79697700887593 0.4
114.83509875877466 158.90803754677614 0.4
115.32260639992143 159.0190980846763 0.4
115.81011404106819 159.13015862257646 0.4
116.29762168221494 159.2412191604767 0.4
116.78512932336169 159.35227969837695 0.4
117.27543458168167 159.45025693274 0.4
117.76573984000164 159.54823416710303 0.4
118.26079644775344 159.61836519431293 0.4
118.75585305550523 159.68849622152283 0.4
119.25380687071117 159.7336818164766 0.4
119.75176068591712 159.77886741143038 0.4
120.25038500142753 159.81593079339436 0.4
120.74900931693794 159.85299417535833 0.4
121.24726746555214 159.89469223271138 0.4
121.74552561416634 159.93639029006442 0.4
122.24071106476761 160.00560492715115 0.4
122.73589651536888 160.07481956423788 0.4
123.22902464212333 160.15742356121152 0.4
123.72215276887779 160.24002755818515 0.4
124.21448164046326 160.3272676557248 0.4
124.70681051204873 160.41450775326445 0.4
125.19886339806284 160.50329082312197 0.4
125.69091628407695 160.5920738929795 0.4
126.182876585412 160.6813684186519 0.4
126.67483688674706 160.77066294432433 0.4
127.12041339164398 160.9975113968986 0.4
127.5659898965409 161.22435984947288 0.4
127.95672138898995 161.53633388473378 0.4
128.34745288143898 161.84830791999468 0.4
128.7157827691343 162.1864382096897 0.4
129.08411265682963 162.5245684993847 0.4
129.42710099827767 162.88837808926644 0.4
129.7700893397257 163.25218767914816 0.4
130.0025681084167 163.69484648245088 0.4
130.23504687710772 164.1375052857536 0.4
130.4189081537196 164.60246275149512 0.4
130.60276943033148 165.06742021723664 0.4
130.7716975310801 165.53800796910468 0.4
130.9406256318287 166.00859572097272 0.4
131.07488950254123 166.4902206545422 0.4
131.20915337325374 166.9718455881117 0.4
131.1860500859559 167.4713024721627 0.4
131.16294679865808 167.9707593562137 0.4
131.08622073971318 168.46482915990063 0.4
131.00949468076828 168.95889896358756 0.4
130.91810780229144 169.45046846565484 0.4
130.8267209238146 169.94203796772211 0.4
130.68902671410478 170.42270433925313 0.4
130.55133250439496 170.90337071078415 0.4
130.3425148601491 171.35764093069722 0.4
130.13369721590323 171.81191115061029 0.4
129.91633122818325 172.26218221133882 0.4
129.69896524046328 172.71245327206736 0.4
129.49302314657186 173.16805850452874 0.4
129.28708105268043 173.62366373699012 0.4
129.1299338048306 174.0983212856627 0.4
128.9727865569808 174.5729788343353 0.4
128.8662706589222 175.06150130422222 0.4
128.7597547608636 175.55002377410915 0.4
128.66687574041745 176.0413203051506 0.4
128.57399671997132 176.53261683619206 0.4
128.56613659010588 177.03255156435296 0.4
128.55827646024045 177.53248629251385 0.4
128.69341293586768 178.01386993727547 0.4
128.82854941149492 178.4952535820371 0.4
128.99991700018018 178.96495986335268 0.4
129.17128458886543 179.43466614466826 0.4
129.38754320868824 179.8854683501586 0.4
129.60380182851105 180.33627055564892 0.4
129.8962306867824 180.74182678915156 0.4
130.18865954505372 181.1473830226542 0.4
130.49975773842735 181.5388016372 0.4
130.81085593180097 181.93022025174582 0.4
131.1752164712879 182.27261704993344 0.4
131.53957701077485 182.61501384812107 0.4
131.9518661839368 182.8978829872673 0.4
132.36415535709875 183.18075212641355 0.4
132.78602881629263 183.44911878044874 0.4
133.2079022754865 183.71748543448393 0.4
133.67904442204522 183.88489085263706 0.4
134.15018656860394 184.05229627079018 0.4
134.6399464599398 184.15294942760156 0.4
135.12970635127567 184.25360258441293 0.4
135.6253197530329 184.31967359051163 0.4
136.12093315479012 184.38574459661032 0.4
136.61986126917142 184.35316347058676 0.4
137.11878938355272 184.3205823445632 0.4
137.6153028334237 184.26178940701013 0.4
138.11181628329467 184.20299646945705 0.4
138.60520183948455 184.1220360407173 0.4
139.09858739567443 184.04107561197753 0.4
139.53478900674946 183.7966828992444 0.4
139.9709906178245 183.55229018651124 0.4
140.38541516230438 183.27255929676338 0.4
140.79983970678427 182.9928284070155 0.4
141.20989580467446 182.70673345207172 0.4
141.61995190256465 182.42063849712792 0.4
142.0291912617321 182.13337672340404 0.4
142.43843062089957 181.84611494968016 0.4
142.83569121855143 181.5424992994536 0.4
143.2329518162033 181.23888364922703 0.4
143.61196336807282 180.9127701909781 0.4
143.99097491994235 180.58665673272918 0.4
144.3552745070971 180.24418663957834 0.4
144.71957409425187 179.9017165464275 0.4
145.0729599014853 179.54799565396846 0.4
145.4263457087187 179.1942747615094 0.4
145.76463001101794 178.82608510287466 0.4
146.10291431331717 178.4578954442399 0.4
146.42767626797902 178.07772546633677 0.4
146.75243822264088 177.69755548843364 0.4
147.05660974489638 177.30072038475373 0.4
147.36078126715188 176.90388528107383 0.4
147.64730347605416 176.4941268545509 0.4
147.93382568495645 176.08436842802797 0.4
148.2079935518027 175.6662444749529 0.4
148.48216141864896 175.2481205218778 0.4
148.75002883428058 174.82593338811625 0.4
149.0178962499122 174.4037462543547 0.4
149.21890385937405 174.08567636772514 0.4
149.21890385937405 174.08567636772514 0.4
149.13275478010195 173.59315410627974 0.4
149.0466221204719 173.10062897349638 0.4
148.96052777371264 172.6080971430552 0.4
148.87446216194868 172.11556029132822 0.4
148.78841327439108 171.62302051793228 0.4
148.70237326844085 171.1304791931841 0.4
148.61632126530097 170.63793996448373 0.4
148.53023295159 170.14540708117823 0.4
148.44411683550769 169.65287905827907 0.4
148.35798444459425 169.1603538812912 0.4
148.27184339303048 168.6678302189803 0.4
148.18571455757203 168.17530442030244 0.4
148.09962234287573 167.6827722191574 0.4
148.01355815013994 167.19023512077973 0.4
147.92751035805293 166.69769515691917 0.4
147.8414712930861 166.20515366850594 0.4
147.75541992833294 165.71261430985314 0.4
147.66933168686782 165.22008135559497 0.4
147.5832152285921 164.72755330845544 0.4
147.49708225610723 164.23502813576425 0.4
147.41094049622538 163.74250449333817 0.4
147.32481111830398 163.2499786925942 0.4
147.23871886720852 162.7574464262506 0.4
147.1526550262326 162.26490921712445 0.4
147.06660781335015 161.77236911696963 0.4
146.98056944868694 161.27982747900424 0.4
146.89451861814598 160.78728802506978 0.4
146.80843040909505 160.29475511020777 0.4
146.72231359842604 159.80222720040393 0.4
146.6361800480377 159.3097022206439 0.4
146.55003759016975 158.81717880023766 0.4
146.4639076859887 158.3246531854576 0.4
146.37781542141147 157.83212099113277 0.4
146.29175195877568 157.339583764009 0.4
146.2057053533555 156.8470435920734 0.4
146.11966771801542 156.35450185338033 0.4
146.03361744060138 155.86196232332495 0.4
145.94752925937067 155.36942941696537 0.4
145.86141207471533 154.87690158097104 0.4
145.77527791519742 154.38437671332818 0.4
145.68913472308043 153.89185342543846 0.4
145.6030084031696 153.39932718688456 0.4
145.51692991687736 152.9067925862482 0.4
145.4308878862766 152.4142516157863 0.4
145.34486716885732 151.92170692260527 0.4
145.25885778818085 151.4291602496514 0.4
145.17282892996653 150.93661695891083 0.4
145.08674400333467 150.4440834240182 0.4
145.00061629914953 149.951557341684 0.4
144.9144635789058 149.45903562112872 0.4
144.82829755110367 148.96651622192837 0.4
144.7421497176641 148.47399364740798 0.4
144.65605680846423 147.98146149566898 0.4
144.5700059479982 147.4889220192186 0.4
144.4839797013248 146.9963782581113 0.4
144.39796655286045 146.50383221781811 0.4
144.31193486972472 146.0112894209162 0.4
144.22584766504795 145.5187563320055 0.4
144.13971797901203 145.0262306747774 0.4
144.05356343039506 144.53370936867935 0.4
143.96739565210729 144.04119037838404 0.4
143.88077927816082 143.54875023395488 0.4
143.79312888254023 143.05649363247556 0.4
143.70470410226355 142.56437613310405 0.4
143.6158288761124 142.07234019595262 0.4
143.52669146191167 141.5803519506175 0.4
143.43732150476293 141.08840600690198 0.4
143.347717996837 140.5965024964892 0.4
143.2579614472741 140.10462682713668 0.4
143.16813719664054 139.6127635072882 0.4
143.07830951638564 139.12090086191634 0.4
142.98849001650171 138.62903676416948 0.4
142.8986770601711 138.1371714967437 0.4
142.8088678975652 137.64530555014346 0.4
142.71906048236602 137.15343929057323 0.4
142.6369999999879 136.7039999999106 0.4
142.6369999999879 136.7039999999106 0.4
142.5476635209507 136.21204574033635 0.4
142.4583270419134 135.72009148076214 0.4
142.3689745108568 135.2281401366265 0.4
142.27954707256387 134.7362024099204 0.4
142.19007103567125 134.2442735289472 0.4
142.1005688423637 133.7523494124381 0.4
142.01105326140294 133.26042773549477 0.4
141.92154443626282 132.76850482738982 0.4
141.8320952368516 132.27657106049296 0.4
141.74268522617314 131.78463016378078 0.4
141.65329637275707 131.29268542014745 0.4
141.5639183585025 130.8007387063162 0.4
141.47454796281693 130.30879060899886 0.4
141.38519036583173 129.81684019472905 0.4
141.2958406670386 129.3248883544539 0.4
141.20649516727158 128.83293575726722 0.4
141.11715180869606 128.34098277443638 0.4
141.02779606826567 127.84903203803948 0.4
140.93837805875205 127.35709260151256 0.4
140.84891956967675 126.86516051837921 0.4
140.75943928359055 126.37323239734349 0.4
140.6699478395133 125.88130630520811 0.4
140.58044395599939 125.38938247579543 0.4
140.49090544082554 124.8974649483001 0.4
140.40134602910095 124.4055512246494 0.4
140.3117805170046 123.91363861164581 0.4
140.29200000001583 123.80500000016764 0.4
140.29200000001583 123.80500000016764 0.4
140.20021795082673 123.31349612892485 0.4
140.10843590163762 122.82199225768207 0.4
140.01665385244854 122.33048838643927 0.4
139.92485570577097 121.83898752175128 0.4
139.83298244012866 121.34750070183772 0.4
139.74106043892147 120.85602300680425 0.4
139.64911220771347 120.36455022709224 0.4
139.5571505512243 119.87307996432634 0.4
139.4652012223534 119.38160739147816 0.4
139.37333760140567 118.89011877031305 0.4
139.28153009435053 118.39861965658122 0.4
139.18975285475366 117.90711488798131 0.4
139.09799111740358 117.41560722438734 0.4
139.00623419896525 116.924098661012 0.4
138.91446722669505 116.43259197459923 0.4
138.82269315031942 115.94108661460565 0.4
138.73091517569867 115.44958198250768 0.4
138.63913519425793 114.95807772514408 0.4
138.54733811602443 114.46657666062058 0.4
138.45546547341493 113.97508971517854 0.4
138.36354388042687 113.48361192245284 0.4
138.2715959511153 112.9921390561669 0.4
138.179634543498 112.50066871168104 0.4
138.08768240029474 112.00919663405783 0.4
137.99580178007665 111.51771118896465 0.4
137.9039680720141 111.02621698845297 0.4
137.81215967891657 110.53471806734488 0.4
137.72036425319968 110.0432167292482 0.4
137.62855931293237 109.55171716469663 0.4
137.53668275178856 109.06023096234425 0.4
137.44475923840838 108.56875353170624 0.4
137.352810392383 108.07728083768421 0.4
137.26084857069898 107.58581057087272 0.4
137.16889625000522 107.09433852622655 0.4
137.0770155072201 106.60285309501573 0.4
136.9851816923261 106.11135889317933 0.4
136.89337319807552 105.61985996094994 0.4
136.80157767363454 105.12835860622911 0.4
136.7097917165317 104.63685546475526 0.4
136.61802318028222 104.14534907033641 0.4
136.52626546070795 103.653840656473 0.4
136.4345135005219 103.16233116744759 0.4
136.34276447853975 102.67082112994548 0.4
136.25099788818426 102.17931437249631 0.4
136.15914315495445 101.68782408864851 0.4
136.0672311265665 101.19634452837577 0.4
135.97528824720132 100.7048707472792 0.4
135.88332957522297 100.21339992589488 0.4
135.7913789430588 99.72192759673437 0.4
135.69949897832342 99.23044203064646 0.4
135.60766545730684 98.73894777682086 0.4
135.51585701023905 98.24744883654604 0.4
135.42406140890554 97.75594749638846 0.4
135.33227233033114 97.26444493789978 0.4
135.24048672345194 96.7729417310373 0.4
135.14870288747403 96.28143819346131 0.4
135.05691994278905 95.78993448944263 0.4
134.9651374447243 95.29843070202205 0.4
134.87333681174778 94.80693030175209 0.4
134.78145062127487 94.31544589916918 0.4
134.68950890649708 93.82397189422362 0.4
134.5975373058747 93.33250349087182 0.4
134.50573008970164 92.84100435340852 0.4
134.41475383921033 92.34935070686898 0.4
134.32431800539914 91.85759735967822 0.4
134.23417322914236 91.36579057167337 0.4
134.1441774614043 90.87395649368241 0.4
134.0542823393026 90.38210401078058 0.4
133.96454414479228 89.89022288081165 0.4
133.8749021859332 89.39832421254583 0.4
133.7853113076361 88.9064162443381 0.4
133.6957464635182 88.41450353867756 0.4
133.60618355884236 87.92259047719202 0.4
133.51657513896896 87.43068568902851 0.4
133.42693621523685 86.93878645208522 0.4
133.33728074880935 86.44689022775162 0.4
133.24761679597245 85.9549955494562 0.4
133.15796161354467 85.46309927312394 0.4
133.06836518451652 84.97119230014857 0.4
132.97880719475742 84.47927833673235 0.4
132.8892699352757 83.98736060594081 0.4
132.79974329273062 83.49544094639772 0.4
132.7102090467882 83.00352266799761 0.4
132.62061703340652 82.51161489133258 0.4
132.5309871435207 82.01971400812045 0.4
132.44133681692335 81.5278168469027 0.4
132.35167602230794 81.03592159284389 0.4
132.26202026984484 80.54402542155383 0.4
132.1724100258664 80.05212098616722 0.4
132.08285073144253 79.56020725437845 0.4
131.99340580532845 79.06827294937351 0.4
131.9040329531431 78.57632611291291 0.4
131.81473122780662 78.08436679067 0.4
131.7256012950212 77.59237651532314 0.4
131.63660224991852 77.10036282209401 0.4
131.54446791674602 76.60892754798104 0.4
131.43397204412395 76.12129300487653 0.4
131.29416027487613 75.64124259334437 0.4
131.11380134171503 75.1749101415183 0.4
130.89461491582307 74.72551872133498 0.4
130.6389058527954 74.29585694961365 0.4
130.35186954711958 73.88645804258312 0.4
130.03448051655218 73.5001134157739 0.4
129.68474732681486 73.1427823981982 0.4
129.30574514343894 72.81665837703093 0.4
128.89688584882418 72.52884950145484 0.4
128.46189658839717 72.28230471280845 0.4
128.00621446382743 72.076504599265 0.4
127.53295851086179 71.91517132358838 0.4
127.04664887166922 71.79897492874163 0.4
126.55017459234449 71.73976336915851 0.4
126.05056095202212 71.72037744426899 0.4
125.55140019175815 71.74927656691708 0.4
125.05454977686645 71.80530158317539 0.4
124.55938111348358 71.87463972898442 0.4
124.06524138697489 71.95096697952059 0.4
123.57208443641737 72.03340531434968 0.4
123.07948588804135 72.11911686325475 0.4
122.58716671665096 72.20641863331399 0.4
122.09498144615048 72.29447207025228 0.4
121.6028811985111 72.38299943999074 0.4
121.11091204024916 72.47225263241468 0.4
120.61901812134367 72.56191967420507 0.4
120.12716149296216 72.65179109910022 0.4
119.63532261099456 72.74175962019574 0.4
119.14349215583114 72.8317742151736 0.4
118.6516660080805 72.9218123767361 0.4
118.15984192740075 73.01186184846281 0.4
117.66801882032811 73.1019166472694 0.4
117.17619616916731 73.19197394053337 0.4
116.68437651327629 73.28204752203081 0.4
116.19256981043414 73.37219144459837 0.4
115.70077088301905 73.46237753722193 0.4
115.20897584484052 73.55258470800483 0.4
114.71718266154284 73.6428019279825 0.4
114.22538847898662 73.73301375387183 0.4
113.73358607413998 73.82318109011688 0.4
113.24177868225242 73.91332141179498 0.4
112.74996879184572 74.0034481905732 0.4
112.25815770958259 74.09356850704366 0.4
111.76634806368996 74.18369669035138 0.4
111.27454737448066 74.2738737852186 0.4
110.78275210177186 74.36408044377805 0.4
110.29095954230951 74.45430190737095 0.4
109.79916827730017 74.54453043330027 0.4
109.30749404346153 74.63539537976789 0.4
108.81637444842087 74.72918091589025 0.4
108.32560132430403 74.82471773395481 0.4
107.83504710988264 74.9213360080329 0.4
107.34552268000941 75.0230031905599 0.4
106.8600023408621 75.14234403413094 0.4

106.37849277113602 75.27698165277593 0.4
105.90543738091306 75.4388878839338 0.4
105.43988919142804 75.62127298554489 0.4
104.98779975130412 75.83484984804367 0.4
104.54705308651982 76.07094677890794 0.4
104.1164476130479 76.32506837154658 0.4
103.69710654114245 76.59737620332022 0.4
103.28756041551593 76.88420408746475 0.4
102.88855477424963 77.18552220025123 0.4
102.50311659681927 77.50401141570555 0.4
102.13113802170935 77.83812187937241 0.4
101.77558020869138 78.18965622819341 0.4
101.43604671806558 78.5566914877773 0.4
101.11711369395732 78.94176319540237 0.4
100.82004700841563 79.34394429953336 0.4
100.54358654944258 79.76055869509962 0.4
100.29202669010968 80.19266464984142 0.4
100.0645770969419 80.63793457534895 0.4
99.86639049291502 81.09697729155718 0.4
99.69741598723117 81.56755737261658 0.4
99.55439450976019 82.04666433934987 0.4
99.44180173901628 82.53382047018073 0.4
99.35870347907414 83.02686486666083 0.4
99.30346192040952 83.52380247129854 0.4
99.29206218385876 84.02367096780556 0.4
99.32971421506457 84.52225076682225 0.4
99.39340409040796 85.01817761817813 0.4
99.46924359509812 85.51239245958293 0.4
99.55105063544848 86.00565463627358 0.4
99.63751659581015 86.49812149286895 0.4
99.72633265244643 86.99016993969612 0.4
99.816234092099 87.48202123465832 0.4
99.90662477813643 87.97378285244612 0.4
99.99729165014813 88.4654936237632 0.4
100.0883185807149 88.95713786544898 0.4
100.17953859439994 89.44874631789426 0.4
100.27084919618491 89.94033795218631 0.4
100.36220082256088 90.43192196436604 0.4
100.4535823531612 90.92350041829852 0.4
100.54502488569652 91.41506752807635 0.4
100.63650116596155 91.90662835863112 0.4
100.72799339792692 92.39818622032114 0.4
100.8194928694194 92.88974273444346 0.4
100.91099433579777 93.38129887720393 0.4
101.0024915155552 93.87285581784526 0.4
101.09398607332427 94.36441324650826 0.4
101.18547936404724 94.85597091099727 0.4
101.27697207614897 95.34752868317972 0.4
101.36848024595237 95.83908357799557 0.4
101.46006033574872 96.33062507869306 0.4
101.55168142389786 96.82215893913377 0.4
101.64332202470372 97.31368916204639 0.4
101.73497149844437 97.80521773061112 0.4
101.82661125413748 98.29674811108421 0.4
101.91819000016841 98.7882898621332 0.4
102.00973375839301 99.27983813044214 0.4
102.10126084198693 99.77138950386663 0.4
102.1927803402374 100.26294228962455 0.4
102.28429748733323 100.7544955060902 0.4
102.37581793797727 101.2460480681176 0.4
102.46734045812663 101.73760021715144 0.4
102.55886398308255 102.22915216459232 0.4
102.65038796748239 102.7207040196067 0.4
102.74192535461114 103.21225338636225 0.4
102.83352331338779 103.7037915115274 0.4
102.92515577729743 104.19532322580677 0.4
103.01680466083357 104.68685188757715 0.4
103.10846101046496 105.17837916096434 0.4
103.20010641803304 105.66990847716447 0.4
103.29168781732585 106.16144972804031 0.4
103.38323255476486 106.6529978106282 0.4
103.47475982460485 107.14454914716714 0.4
103.56627914900001 107.63610196360419 0.4
103.65779300770359 108.12765579797197 0.4
103.7492965647617 108.61921155070209 0.4
103.84079444800676 109.11076835990559 0.4
103.93228965216436 109.60232566793549 0.4
104.02378364080106 110.09388320228135 0.4
104.11529601918005 110.58543731341642 0.4
104.2068949345232 111.07697530619397 0.4
104.29854319329453 111.56850410121582 0.4
104.39021493777467 112.060028516634 0.4
104.48189736200789 112.55155094011288 0.4
104.57356776451303 113.04307560582903 0.4
104.66516324497111 113.53461423877722 0.4
104.7567157643391 114.02616087535245 0.4
104.84824780966507 114.51771132486326 0.4
104.93977054134788 115.00926350858674 0.4
105.03128698412014 115.50081686321039 0.4
105.12279189234293 115.99237236517644 0.4
105.21429045804703 116.4839290477853 0.4
105.30578603005871 116.97548628763253 0.4
105.3972802439596 117.4670437802689 0.4
105.48877662592952 117.95860086935237 0.4
105.58028546363147 118.45015563980252 0.4
105.67180143303459 118.9417090825402 0.4
105.76332080005251 119.43326189270454 0.4
105.85484171249372 119.92481441513146 0.4
105.94637696595724 120.41636426722575 0.4
106.03797507774276 120.90790240984614 0.4
106.12960897150919 121.39943388315577 0.4
106.22125988983656 121.8909621823553 0.4
106.3129185489978 122.3824890381288 0.4
106.40391887944169 122.87413820668162 0.4
106.4918854523269 123.36633924968284 0.4
106.57790262618597 123.85888471850349 0.4
106.66208804003422 124.35174657954865 0.4
106.7452593467356 124.84478058779519 0.4
106.8280254820225 125.33788277468402 0.4
106.91056172574064 125.83102349338029 0.4
106.99287008727217 126.32420229829023 0.4
107.07443455994364 126.81750466147014 0.4
107.15719267799092 127.310608097992 0.4
107.24929160640437 127.80205262280978 0.4
107.36087082491403 128.28944371588875 0.4
107.49978803606795 128.7697580449949 0.4
107.67122951925484 129.2394465614209 0.4
107.87950646583333 129.69400048759007 0.4
108.12590135717916 130.1290706622924 0.4
108.40705289495531 130.5425299855718 0.4
108.72062619270449 130.93197057366726 0.4
109.06450302351244 131.2949269266374 0.4
109.43601491218033 131.62953674032977 0.4
109.83308523753024 131.93339537998827 0.4
110.26284771519718 132.18894136694223 0.4
110.72475695452324 132.38035662967556 0.4
111.20739752124115 132.51096080605478 0.4
111.70460392412943 132.56371101300903 0.4
112.20443911350377 132.55107598466068 0.4
112.70217057370083 132.5035644085589 0.4
113.1978276938999 132.43783453335442 0.4
113.69174597251107 132.36008855363403 0.4
114.18467361699597 132.27628969379495 0.4
114.67713430863726 132.1897912630946 0.4
115.16939234282401 132.1021484400342 0.4
115.66152053882071 132.01378094561403 0.4
116.15351520798008 131.92467515314598 0.4
116.64543427370823 131.83515430479142 0.4
117.137318188172 131.7454411972913 0.4
117.6291869582352 131.6556453970475 0.4
118.12104600359147 131.56579608388495 0.4
118.61289504028613 131.47589122905288 0.4
119.10473843462341 131.38595504286192 0.4
119.59657921229872 131.29600432772386 0.4
120.08841886396502 131.2060473609823 0.4
120.58025659254497 131.1160802536969 0.4
121.07209096076147 131.02609569264533 0.4
121.56392329103468 130.936100584437 0.4
122.05575465513402 130.84610048422292 0.4
122.54758560010404 130.75609822004648 0.4
123.03941047131923 130.66606286670975 0.4
123.53122243403196 130.5759571424828 0.4
124.02302644108843 130.48580807196691 0.4
124.51482666104737 130.39563837453755 0.4
125.00662523592932 130.30545971842523 0.4
125.49842839854733 130.21530609520084 0.4
125.99024274864284 130.12521353396517 0.4
126.48206405719314 130.03515897349058 0.4
126.97388868539713 129.9451225477216 0.4
127.46571475663657 129.85509400617772 0.4
127.95754196645005 129.76507117907505 0.4
128.44937057954667 129.67505495902958 0.4
128.94120000199547 129.5850425352882 0.4
129.43302980163202 129.4950318820761 0.4
129.92485976380033 129.40502199230784 0.4
130.41668975563132 129.31501263014513 0.4
130.90851968636775 129.22500385435325 0.4
131.40034956946627 129.13499541397496 0.4
131.8921794279998 129.04498712990937 0.4
132.38400927551893 128.9549789132353 0.4
132.87583206299811 128.86493217124593 0.4
133.36763949269454 128.7748015890043 0.4
133.8594374386864 128.68461926957264 0.4
134.35123086978032 128.59441232984238 0.4
134.84302254835768 128.50419583521634 0.4
135.13299999997253 128.45099999988452 0.4
135.13400000002002 128.45200000004843 0.4
135.6273638947457 128.37080876726762 0.4
136.1207277894714 128.2896175344868 0.4
136.6140916841971 128.208426301706 0.4
137.10745557892278 128.1272350689252 0.4
137.60081947364847 128.04604383614438 0.4
138.09418336837416 127.96485260336357 0.4
138.58754726309985 127.88366137058276 0.4
139.08091115782554 127.80247013780195 0.4
139.57427505255123 127.72127890502114 0.4
140.06763894727692 127.64008767224033 0.4
140.5610028420026 127.55889643945952 0.4
141.0543667367283 127.4777052066787 0.4
141.547730631454 127.3965139738979 0.4
142.04109452617968 127.31532274111709 0.4
142.53445842090537 127.23413150833628 0.4
143.02782231563106 127.15294027555547 0.4
143.52118621035675 127.07174904277466 0.4
144.01455010508244 126.99055780999385 0.4
144.50791399980812 126.90936657721304 0.4
145.0012778945338 126.82817534443222 0.4
145.4946417892595 126.74698411165141 0.4
145.9880056839852 126.6657928788706 0.4
146.48136957871088 126.5846016460898 0.4
146.97473347343657 126.50341041330898 0.4
147.46809736816226 126.42221918052817 0.4
147.96146126288795 126.34102794774736 0.4
148.22899999999208 126.29699999978766 0.4
148.22899999999208 126.29699999978766 0.4
148.71940484919375 126.1995195257352 0.4
149.20980969839542 126.10203905168275 0.4
149.70021454759708 126.00455857763029 0.4
150.190630018307 125.9071315530232 0.4
150.68106494665219 125.80980252207304 0.4
151.17150606195668 125.71250467173682 0.4
151.6619486991456 125.6152144928813 0.4
152.15238724883392 125.51790371126813 0.4
152.64281554395382 125.42054126217177 0.4
153.13323610623613 125.32313987013403 0.4
153.62365216111482 125.2257157860595 0.4
154.11406582094395 125.1282796466016 0.4


154.6050039072042 125.03352117052448 0.4
155.09711091223372 124.84503330777079 0.4
155.59004223691394 124.76125897017011 0.4



156.046982 124.504876 0.000000
157.381134 123.569124 0.000000
158.030594 122.045280 0.000000



157.87826659230754 120.56933758351157 0.4

157.75979207398467 120.08357676922265 0.4
157.65279603071366 119.59515925560214 0.4
157.55284630077412 119.10525112333701 0.4
157.45672212483623 118.61457799785069 0.4
157.36256826879617 118.12352296961262 0.4
157.26943630442375 117.63227310159535 0.4
157.17686810946435 117.14091668526068 0.4
157.08459720805303 116.64950435294651 0.4
156.9924780753811 116.15806354747401 0.4
156.90043517483343 115.66660845855345 0.4
156.8084525831566 115.17514207935487 0.4
156.71654076966635 114.68366246654597 0.4

156.62467697374453 114.19217388756093 0.4
156.5328401521556 113.70068027611111 0.4
156.44101740333886 113.20918404043763 0.4
156.34920221461752 112.71768638548622 0.4
156.25739160393982 112.22618785933055 0.4
156.16558352327763 111.73468885321735 0.4
156.07377676095896 111.24318959847719 0.4
155.98197066655243 110.75169021829053 0.4
155.89016491402705 110.26019077403471 0.4
155.7983593456913 109.76869129530252 0.4
155.70655387327477 109.27719179863264 0.4
155.61474844955075 108.78569229286194 0.4
155.52294305022647 108.29419278253219 0.4
155.4311158499323 107.80269734482602 0.4
155.3392378989372 107.31121139169927 0.4
155.24732215596373 106.8197325048754 0.4
155.15538458288657 106.32825770119094 0.4
155.0634355049465 105.83678504979925 0.4
154.97150214495008 105.34530945880306 0.4
154.8796160379026 104.85382503914823 0.4
154.7877658413431 104.36233391860132 0.4
154.69593650649696 103.87083890862482 0.4
154.60411818852987 103.37934184567136 0.4
154.51230571725765 102.88784368342453 0.4
154.42049662068428 102.39634487444819 0.4
154.32868934565752 101.90484571776652 0.4
154.23688301027036 101.41334638320849 0.4
154.14507714895046 100.92184695943705 0.4
154.0532715267125 100.43034749082103 0.4
153.9614660275348 99.93884799916282 0.4
153.86966059077787 99.44734849582981 0.4
153.7778551853215 98.95584898664627 0.4
153.68604979546714 98.46434947454748 0.4
153.59424946655952 97.9728490179738 0.4
153.50246090103016 97.48134637247198 0.4
153.41068109509558 96.98984210276849 0.4
153.31890634929152 96.49833689706716 0.4

153.2271342703651 96.00683119872308 0.4
153.13533139543398 95.51533124425144 0.4
153.04345438810043 95.02384512547692 0.4
152.95152201350967 94.53236935259666 0.4
152.8595576302507 94.04089956578186 0.4
152.76757637293073 93.54943293611613 0.4
152.67561361375297 93.05796284459 0.4
152.58370956034506 92.56648177175813 0.4
152.4918502822423 92.0749923283083 0.4
152.400017041253 91.58349801923804 0.4
152.30819757153094 91.09200113727465 0.4
152.21638513701004 90.60050294107522 0.4
152.1245762367444 90.1090040846859 0.4
152.03276909895644 89.61750489908009 0.4
151.94096283740305 89.12600554980321 0.4
151.84916125660092 88.6345053268033 0.4
151.75736977186494 88.14300322384489 0.4
151.66558575217843 87.65149973496302 0.4
151.57380603615135 87.15999544868583 0.4
151.48202858668088 86.66849074292509 0.4
151.390225981132 86.17699073113073 0.4
151.2983627378854 85.68550203872277 0.4
151.20645420035953 85.19402180887906 0.4
151.11451947645008 84.70254647451426 0.4
151.02257094760296 84.21107372182065 0.4
150.93063390072126 83.7195988205687 0.4
150.83873638459542 83.2281165257056 0.4
150.7468691720584 82.7366285654161 0.4
150.6550196055953 82.24513730703079 0.4
150.56317936560882 81.75364430578075 0.4
150.47135113027832 81.26214906228194 0.4
150.37954216602128 80.77065022465291 0.4
150.2877469662948 80.27914882432671 0.4
150.1959596221605 79.78764596314637 0.4
150.10417640016783 79.29614233589845 0.4
150.012387791485 78.80463971176023 0.4
149.9205828289437 78.31314013331279 0.4
149.8287658066588 77.8216428025293 0.4
149.73694316390876 77.3301465197816 0.4
149.67900000000373 77.02000000001863 0.4
